3746487.3051328515
3748954.1905696327
3745981.5588054755
3741803.4586079293
3746123.1897235466
3749684.202413711
3747981.71241637
3745870.031608303
3748327.2704679472
3744167.1997802374
3742255.703090168
3741243.8083689758
3741263.5307204016
3750283.2367273713
3744520.649666464
3744943.2557599763
3747976.927257037
3748678.929747944
3744828.091337004
3744393.1972941807
3742874.070679352
3746636.182493364
3746363.464503344
3743386.6333487327
3748826.037853286
3747686.1852543848
3744666.6435117987
3745737.307485612
3745210.7334932913
3748793.379157704
3744365.07207165
3747424.8902871246
3743815.8537308737
3745796.36061253
3746026.09286759
3743815.647016759
3742939.7867544224
3742047.4894867963
3743733.089325755
3745055.6687206654
3745640.732638694
3747138.491359041
3749565.52246994
3747298.8933474827
3745741.539766479
3743019.824252784
3741811.6703127585
3745644.3301010393
3746467.4532534005
3744940.5388045684
