2225252.61301995
2226597.390114936
2222565.2972141346
2226166.7537360834
2223041.7849670565
2223828.443108256
2222086.835322373
2222727.362137265
2222213.9874195475
2222416.7183930096
2223398.6704002144
2224529.7511998373
2222545.1299555595
2226990.882869968
2223622.677543271
2224942.089518178
2224399.678590211
2224233.433078751
2226207.8157611312
2226451.9489141703
2223687.9142905795
2222687.852294352
2225177.941049629
2219534.910066322
2223292.132131711
2226822.7451625676
2227561.3175429837
2225556.3819471383
2224215.356298927
2227567.0048678024
2224633.1608377974
2226759.1627060263
2227917.490163366
2223486.4946092987
2225309.059340039
2226189.7882594005
2222710.6568191657
2222276.1326345643
2228907.240141358
2219819.613507393
2222493.097740878
2227850.0187136033
2228562.4201808423
2225795.286915244
2224388.379140846
2223745.7120106253
2220705.6409122394
2221666.870678412
2224978.852760357
2225481.333666105
