17259093.37888917
17310211.816720817
17272412.417005163
17288014.9210821
17315717.236989647
17307750.18433455
17278617.82880607
17244152.33866106
17264612.881060347
17281760.38980173
17238080.311024293
17283470.130301237
17272205.302500226
17301945.916107666
17319791.548174433
17269385.557828378
17235621.272063177
17248129.50093132
17320371.582192417
17299098.761087034
17297643.53661404
17293665.82416296
17274113.96704468
17327822.107049644
17303320.871286
17273859.546605196
17260908.40612787
17260331.001315683
17276378.904478695
17259024.118185535
17309948.454007372
17275820.557873238
17223174.8192564
17228064.01263546
17268272.42593797
17307758.860945463
17289614.57789884
17277975.501989115
17301126.69603855
17293604.163326725
17257560.90707664
17284133.152746834
17306824.535638276
17296118.8379682
17295334.181164004
17294884.27165492
17326638.057716914
17318098.780063536
17301832.931686323
17258972.769035105
