8194634.3923667325
8186952.970284858
8198003.7377501065
8199976.472606093
8194194.7387443995
8197191.075453074
8191162.264078998
8185405.451959943
8197854.418613964
8188354.993676434
8182732.804430376
8189111.395927405
8191815.718810599
8195371.418598552
8190301.876845527
8195493.129988141
8186396.318371794
8201189.170947534
8196219.28597859
8186677.982528751
8199715.856119167
8189814.7795243375
8194332.998980654
8196103.014970124
8187945.809465313
8185486.872388377
8190422.83719584
8192951.379773656
8189633.180384236
8191042.620438679
8195433.176406239
8189129.87870478
8187015.731490864
8183003.951653936
8189364.144064281
8187846.562123127
8187422.877901581
8191946.547924524
8187469.219258899
8190146.333672405
8190914.366412686
8191922.45311862
8197430.583040633
8188562.119351236
8186794.271534338
8191245.848784624
8188731.099790149
8189333.74660385
8191378.481982149
8193429.515133003
