4448916.9472779725
4454763.562853326
4451824.831612929
4457498.565590986
4446788.02413155
4451585.9502888415
4445204.140338139
4446832.064579387
4446127.17521347
4444650.452549998
4450098.855109879
4442748.520249355
4449800.117597089
4451340.22243265
4448376.417776091
4450213.851443838
4443076.579902424
4457214.293009097
4444249.653572217
4448494.523296751
4445885.96331681
4451129.429294318
4442792.247798173
4445452.478574403
4443435.3528803205
4447679.699826568
4444092.031403609
4448101.359114309
4451064.820486214
4443346.2169318795
4446605.40530124
4447615.625305138
4442706.7595349
4449708.152897678
4451787.465567624
4446613.919655221
4450185.511572739
4447322.825337518
4450302.255533622
4451572.509776872
4449882.747928668
4449168.450560646
4451737.992957791
4446674.610147425
4448277.589419625
4443922.177231907
4451086.349923655
4446330.714997762
4446919.364141377
4447032.249356117
