13319203.651252558
13321060.714687608
13301961.647464428
13348434.013488637
13369611.414138021
13314090.26349122
13282091.911989648
13323513.235321915
13372667.35416119
13338010.866213508
13319914.592115065
13356113.644270422
13329770.110248508
13347983.729276992
13286014.19270253
13360366.097235356
13289039.519799933
13342244.632393336
13340311.839417014
13309692.716610383
13328233.242298087
13330139.408236928
13320406.312446197
13315624.738186317
13302345.387952505
13360944.467995297
13325582.427765291
13330662.4767263
13368422.902213618
13340585.241276043
13323074.497117255
13353239.063748624
13334677.910930745
13397889.365955727
13360463.032996029
13361397.740661426
13345524.488270685
13318905.27868752
13397065.236599885
13325665.823401885
13344113.701121978
13311378.726906804
13332043.514902072
13305616.780926293
13342336.61460192
13291986.940643182
13323657.496570634
13369800.62690845
13370954.730764512
13306183.160364712
