63534311.810882725
63434105.203052126
63392981.513309695
63473382.38835648
63370355.160036564
63486320.394307345
63438766.68821194
63495032.22932519
63406801.65346311
63481860.31909249
63448063.264433675
63417485.95554781
63491016.67265414
63560100.37864578
63377666.61649052
63277520.52436898
63539446.94018596
63527248.877838194
63426136.11665809
63468787.50065828
63422821.21708002
63329535.0458999
63444700.15277955
63510760.115907885
63591786.70260524
63441822.11663462
63468258.17079004
63580858.51322126
63456025.25630803
63555426.57087633
63394952.90218357
63571889.80823732
63551547.17916058
63510378.289811455
63428868.98038346
63456072.158552386
63375855.50356803
63468346.02220203
63388024.133010745
63379898.49791659
63522170.49796642
