18102516.31692509
18139852.79184924
18225493.593498692
18169691.812912792
18084003.530350234
18218937.011307817
18147812.294975996
18192633.84837409
18100273.755583655
18159525.961153895
18104747.501688533
18117686.74742845
18122010.04747946
18152128.251835648
18198177.619622912
18192127.550037432
18136361.69660836
18177096.785024557
18196961.42732297
18213106.103278957
18100631.355010998
18153641.83074488
18139934.924686685
18086341.959050693
18147221.360933382
18133281.062273547
18220205.192347147
18131029.35421444
18055103.99706793
18162471.922655884
18087854.61164376
18103375.5196974
18127153.036163565
18215133.988205973
18139203.566708963
18209494.53763336
18218991.525569256
18146781.46383052
18133776.86783501
18080133.789148606
18153783.426946744
18122591.85688048
18181398.33618105
18190704.192127597
18168710.48070827
18200034.322414096
18171237.072830908
18204765.297398094
18120247.22316062
18190045.83675647
