25009698.0758999
24972989.64261732
25044150.991570078
24930659.542285938
25043730.94031027
24969065.497359015
25118669.230759073
25010554.108062547
24967818.43816944
25039710.12338874
25037117.6185935
25044750.803411063
25047370.71708926
25011662.896635458
25062008.436761316
24984850.231760804
25068451.94136639
25053903.187188137
25053714.077405818
25022929.50446885
25004239.293234352
25025087.824831568
24939629.6693593
25043946.288304288
25047471.94863689
24930819.237479236
25053590.91412214
25034436.664443668
24940710.329532083
24912964.88480181
24982994.377110574
24936673.412700973
25073544.257108636
25015520.86176534
24988936.62246315
24992102.243312918
25059178.327060957
25031983.56218268
25026795.473991178
25068049.221396383
24950650.752484746
24924916.167519543
25046925.5542157
25033837.27174691
25047094.383597456
24982065.745479245
24983198.012523845
25041716.255721424
25023752.349536072
24994689.37465854
