11157121.148901023
11200320.459555186
11139282.768601501
11152261.641713403
11168028.938871304
11153888.049272828
11148610.270033186
11114987.730898503
11095494.01582685
11171760.089674504
11100191.78396387
11179992.452218095
11162074.135131698
11152392.704497302
11098863.352070186
11139802.394357266
11078378.603871828
11176345.130827315
11149896.321528152
11104682.39801557
11153750.031995444
11139665.871846765
11128820.404453374
11158008.903693033
11180533.204855725
11125788.863004837
11174025.567037953
11141202.659221485
11108692.374466855
11109189.99086386
11183851.443237754
11129396.904185522
11162727.941910988
11161862.179760827
11121911.406449895
11133654.650091134
11208925.7234189
11147160.940169541
11202063.912509123
11190011.668448536
11180545.603815157
11098678.57070982
11165049.018121049
11179328.627871646
11166431.639280224
11072118.162168806
11203743.095783433
11166651.344687555
11126127.252916096
11158875.07559678
