24570249.429370828
24567315.61135278
24579153.846848816
24572812.6967534
24568455.295729674
24568934.196673386
24571846.52754336
24581346.291312438
24566639.5317696
24584032.441437498
24564010.434569944
24578445.91841252
24572965.158051018
24574517.178210568
24577429.591258865
24568711.10675222
24577895.83883469
24579835.082960922
24572676.596497517
24577025.86463766
24574580.29320923
24583304.249813173
24562276.45930155
24573329.752564438
24571644.38833848
24562947.09352303
24565223.92954808
24570764.199394044
24572570.698893405
24566424.266883787
24587562.37762148
24578084.47601824
24570566.857996725
24567978.388975784
24566260.23409581
24567777.058906443
24589546.55493852
24574596.593290485
24578494.86882734
24575533.84303533
24570361.988077424
24574707.515154533
24561704.577763874
24575996.441646036
24570335.31930987
24570764.048575472
24558300.224015374
24572620.41771079
24574576.476228874
24570531.77058162
