22236184.575578786
22234127.799415216
22233713.781653482
22225706.52914577
22234322.62136875
22240831.947813142
22229733.000766944
22225604.808648624
22243382.559087344
22242589.415151224
22233866.0150968
22244900.5025534
22234444.313103236
22244152.764082994
22241074.452925213
22222488.274218723
22230686.267175656
22241865.18006835
22239115.718523502
22228233.082934342
22226725.97290534
22222153.741035257
22223873.253062487
22236139.475033183
22251705.334677536
22242458.876445338
22236175.04225589
22234185.57996518
22225656.246303473
22230916.81409054
22233358.506447915
22238291.093600795
22228088.62620563
22224661.421947986
22227960.91082195
22230467.517722946
22236531.524658293
22228274.70133049
22240695.596808176
22228110.926093455
22224943.85845945
22222845.768765707
22249917.15950657
22241759.065834902
22234505.53536468
22222194.649259053
22242067.14245814
22228489.897591047
22243027.816027094
22217328.175218347
