16390198.23591673
16385690.871147122
16371150.215531493
16381162.748629631
16388577.086006697
16375002.571134368
16389828.447368382
16377933.087595144
16377409.066638779
16376216.961497664
16379877.181020485
16379505.764618099
16386602.703196421
16388333.680223886
16385727.79409156
16391023.17960293
16382963.451247586
16378227.593569025
16376695.665637039
16378320.134857066
16389343.682425294
16389695.504902504
16382223.068374699
16381150.885017745
16379947.515934685
16388726.277478196
16384940.143445116
16384983.799720522
16375235.837692646
16380064.701434778
16374006.914992956
16381327.981382415
16379622.251641097
16371486.449664144
16378186.489674771
16384787.649480036
16383593.879995562
16378130.46299416
16370245.2141003
16380204.649609981
16390157.949542657
16381387.700784398
16380633.849610675
16386709.14032522
16380616.487566147
16365057.849102434
16385137.525827663
16389906.408000283
16384813.658171834
16376564.851432571
