54742675.51460346
54825861.05186449
54638822.46474829
54813868.89547948
54776238.70810118
54734102.12774164
54850692.913425304
54865923.47188185
54874179.653861746
54806075.353902504
54826516.050176606
54889652.68577169
54819524.21116186
54859197.824679054
54747598.94924285
54780570.011961855
54783960.899413966
54847064.106275946
54627333.595028706
54800852.508839555
54716373.45369068
54736499.37598235
54683083.65405317
54739644.47371716
54798779.20665224
54681955.89840472
54737646.12552768
54743644.253817864
54719913.63659235
54572250.87015177
54759603.37473836
54814756.4167571
54781717.167853594
54727086.05972435
54801542.877862655
54748848.58069069
54888419.35494167
54856274.12019318
54665839.67521315
54853644.96051749
54753247.98718129
54725772.317478895
54761757.465200625
54724794.24404506
54813289.75710657
54634176.536877856
54654879.27047
54641910.852610156
54777561.998337254
54863103.23884047
