13500878.694530966
13513814.858571177
13488402.334836269
13545475.408699
13557057.663519315
13492816.256619694
13525277.486914068
13515802.199945394
13507685.841667624
13507657.589505898
13581996.694756456
13575974.849204224
13524866.987195533
13582878.137988979
13556678.656575758
13558293.562279057
13585057.386580728
13534935.425468545
13493210.318286266
13506554.227673896
13558724.397504803
13558172.832303416
13528387.807444304
13538644.690613223
13541257.89343491
13556438.436105404
13507221.82677621
13615299.690445665
13576428.93661144
13565437.01661761
13585944.295857763
13525555.428629322
13571614.994260488
13535190.681043781
13572692.717480587
13502590.40072431
13533455.398581762
13547947.054042818
13545682.48864213
13496080.4806127
13621858.491777297
13557370.88825252
13567777.901813334
13504857.388358656
13559618.929967191
13573916.335771263
13554246.063398575
13511179.180691915
13568731.9518921
13489607.355077479
