27313485.048600446
27450720.821049057
27423373.729303736
27301684.341126457
27310789.803372607
27421493.685846515
27427220.92948717
27448456.21828578
27419598.638681415
27405345.99636711
27364503.620309185
27338048.6172979
27414791.610622615
27383712.57348209
27337698.51886614
27407430.314706855
27357362.240602978
27393344.26900948
27329448.838007856
27317270.807814155
27376565.102459777
27337259.43651983
27452315.387062345
27366096.65107585
27425564.061480448
27416644.42705131
27312876.5787914
27433024.84200117
27330561.37834663
27365900.317306727
27382831.62733201
27392086.167002138
27310856.55930235
27471599.97573341
27395703.860953193
27361531.519684073
27475228.327040926
27274834.302688226
27366445.031409815
27334132.811924797
27276432.351012837
27371413.54929089
27328313.634776186
27483356.511426352
27469140.83602597
27337385.54300164
27494183.112855233
27414724.608208835
27376839.39655224
27350103.90869482
