25121853.808585566
25092179.006529965
25062934.378812272
25094755.06341734
25118120.623516757
25125094.847867493
25059433.19461789
25116143.62185073
25092417.101411708
25091810.045829047
25056811.578484498
25160505.59622922
25101958.960322157
25166802.72500693
25153751.923606582
25023137.673649225
25122598.746488646
25057358.33179652
25091204.04297272
25118579.80698221
25147480.389718354
25100634.33003263
25157585.593554027
25068044.68759488
25100672.31944803
25076077.643288378
25019966.766135097
25111538.02612434
25097737.2256404
25136746.598409597
25172822.68721392
25059034.43528729
25066679.55932375
25105200.723648194
25100927.92135889
25113516.836298205
25109841.06995003
25197970.360240337
25160476.685469754
25132548.542115577
25113196.704919964
25125365.37878313
25166414.69554298
25106546.099132832
25196478.37321937
25116996.459198892
25105268.747607645
25100410.658004645
25114409.389209904
25067446.281847324
