14976271.548575053
14973182.560763665
14976797.218566434
14984478.109305413
14981739.47978244
14984400.775812017
14980373.008603906
14970135.330258965
14972632.73597485
14974437.137823712
14978900.734238233
14971891.604586642
14973864.914024293
14975553.887230933
14975790.67089859
14969405.019466208
14972843.309586117
14975116.667585034
14976827.457086701
14972247.71281271
14971871.246815367
14973778.182104642
14974625.933036773
14981774.477287278
14973696.653137816
14983905.283882951
14971800.968955081
14984471.71215552
14980077.486937497
14978287.680106096
14978107.906023359
14982265.895914124
14978574.119742803
14973017.019360838
14976731.782948362
14975150.489457905
14983417.682862613
14975991.497013347
14983976.519886868
14981981.494432043
14976035.907602621
14976059.2163582
14980131.811052764
14977073.630929839
14981357.063561374
14972077.664498333
14983939.60153137
14980771.081086403
14983108.257879749
14973085.434322879
