49134975.21809951
49148062.85860255
49158809.234415956
49154946.31625727
49137781.45711517
49128915.06364326
49124783.762713775
49127318.81782663
49120713.671010606
49122824.431361966
49138912.21715838
49140114.35952783
49138012.27325373
49117839.98826428
49133129.50685213
49123878.458607435
49134081.156068146
49119899.86257991
49131681.71380629
49141026.91087392
49151039.4397662
49135284.765766874
49129222.20773215
49137383.2546657
49130634.984834865
49138876.64582565
49150328.42174577
49137165.78711168
49127532.969979554
49133419.51633891
