36547838.489461236
36555882.634906664
36532353.647698626
36582827.28883586
36540701.610057116
36415368.81274631
36545948.64668972
36571286.84372021
36497766.66351707
36551728.5621379
36593843.86148228
36507932.57106628
36521460.34488776
36592663.91045565
36607032.024338305
36540772.424919926
36543307.204929866
36554592.918766074
36588101.56019628
36468421.551323675
36545729.56924985
36543217.97960265
36487740.27561103
36576638.2153143
36599664.386556216
36506525.70455956
36513748.64489445
36552983.835077025
36526976.974918626
36523039.552819714
36618758.31974086
