13333683.637496736
13342599.567346355
13334991.046425864
13341626.266568711
13337107.491866967
13341494.877528073
13347598.872588811
13340336.205939885
13341852.539719371
13338928.817197086
13343780.239681736
13330462.008208001
13332018.462925972
13333362.937589193
13341858.74149239
13342949.945246318
13343906.231450567
13348721.259382568
13327693.99998238
13341312.86156879
13331710.850514896
13330683.243222173
13335712.978459772
13346321.60302412
13341523.239516892
13336707.593220076
13344843.550774802
13340697.016258992
13341179.418448705
13336039.394231116
13338171.150908351
13343435.755832165
13342160.209016418
13348238.80904256
13339868.083518073
13334214.061664639
13334104.742690051
13340991.037322076
13340662.2820253
13345142.739060175
13338009.392227916
13328583.860564789
13339381.13430069
13345048.550651234
13334275.44410842
13344587.440583413
13338756.755182056
13342512.363292767
13347270.382934466
13342873.392848607
