6266246.6239720415
6245591.795995444
6280450.350148252
6266004.390933349
6215002.115206306
6264887.847517448
6252345.082012054
6230611.608038104
6243773.425258268
6271078.901570829
6289158.06364005
6201157.810400969
6247220.178299596
6260858.781945586
6310319.451276603
6237262.233436909
6229112.207375638
6334830.351263642
6230292.8719131965
6225470.043357446
6233392.892475216
6245069.830749074
6284051.597400345
6272315.747200431
6218311.033520439
6263936.445174702
6255691.973102186
6273271.35803763
6281858.776297461
6268073.94853324
6241795.032082918
6204953.3409035625
6228768.945735415
6243352.551206632
6277936.052398682
6241227.302594589
6283044.777040928
6268511.06835873
6216540.564600643
6226105.318858873
6292118.482190585
6245556.407780263
6238287.5800726535
6260421.993567341
6287366.173659949
6239713.392711743
6261645.447486732
6269282.306178757
6222281.6894234475
6223770.662196073
6265259.52811811
6310721.631193425
6242995.122861555
6225041.696384245
6251309.987190252
6270319.923606729
6248551.295599109
6283910.839338178
6263738.1977526
6219386.489392871
6259650.90809345
6235742.232667623
6232553.789034941
6246280.6740580965
6268391.511950701
6214666.627638112
6247754.734650692
6274651.757203914
6264457.936478014
6306412.418774586
6285000.28432967
6243904.826328904
6309936.377546664
6259236.8271096265
6213163.363658249
6241330.703199776
6224347.484041939
6182014.255752516
6288819.527154324
6247766.1071592895
6237273.307214868
6344881.176463698
6244687.790317209
6287898.413918749
6264451.517447768
6262325.2877922235
6259771.449959151
6260257.975363575
6283080.951924492
6249276.196002626
6253008.848986555
6315417.046241208
6235550.393050505
6241364.234097483
6235432.74558181
6280187.556050285
6249484.011622895
6282860.844942621
