6666146.837772424
6673681.467227337
6670782.559213905
6670397.61841987
6669279.730896299
6676155.384595427
6672540.977786396
6668960.30682054
6669750.064982873
6667063.23038073
6669878.343879714
6677533.45995061
6669324.678108918
6675111.067772652
6669548.949942467
6668282.930404993
6670498.659795111
6673078.118220833
6671103.062778238
6668810.149015849
6674030.07977009
6671158.782445844
6666985.376195967
6674675.243155489
6673848.302599505
6673008.3174856035
6668698.461592329
6672494.719257172
6671404.963826663
6667642.731324928
6666245.203749048
6672288.7232159795
6676840.111322282
6672969.466850302
6665155.559734926
6670383.949007663
6665539.158963444
6670322.728483418
6668512.147071023
6666563.3258030545
6678695.004701727
6673067.097167909
6667906.23605627
6674379.906732728
6668600.818806612
6666658.248859782
6673788.725797007
6673909.220191974
6665673.224978804
6664994.685108683
