11228478.193705052
11233016.954715487
11232361.542259822
11238567.631456975
11229773.397179093
11237466.01586552
11235905.001138892
11232446.438607663
11235798.252622057
11237123.99750736
11233118.421462342
11232188.569507487
11229693.438873775
11235010.503083505
11237950.083020948
11237919.218909562
11231783.245748919
11233054.391528629
11232913.503279915
11233919.234416202
11235952.052376306
11232151.977588946
11241327.881441038
11235222.039556405
11237751.781372627
11231002.487454735
11226187.306907589
11235517.526902707
11237192.524638856
11235672.458835257
11227488.36177766
11230714.176075254
11232015.394537853
11234986.631986808
11235044.457147544
11233655.192522585
11237963.397529393
11227960.238671342
11235377.412522456
11234602.352172278
11230533.92878481
11230316.480847018
11229543.16481216
11234654.954827314
11228937.844181804
11236655.05571894
11228628.7525602
11237724.428193739
11231438.403354276
11231235.344095185
