28941144.80414902
28978086.24518638
28898255.569742646
28932852.262786712
28976876.986958962
28895774.203848008
28857125.368111003
28940710.856268574
28855768.55896669
29006912.707464065
28978922.252256583
28918934.310516953
28910196.990167577
28927696.21864237
28984155.386199735
28989449.660049964
28906071.050599743
28926236.911692854
28961359.65899315
28941507.897797987
29004005.334944896
28933469.260411624
28904807.59538977
28941780.109689984
28965533.175689075
28937596.770676844
28955970.86694244
28872520.913604103
28951399.504331224
28895616.922571924
28866914.813902553
28999091.77864265
28920783.945550006
28858432.845331922
28986793.882439937
28909277.112923246
28883252.76356133
28990079.122211687
28941027.6348415
28948730.04480774
28923063.908960987
28944786.702440448
28916412.52511119
28904388.063402623
28938635.285862543
28917597.422114324
28912118.00313567
28902607.535990037
28905066.93110169
28927816.03325496
