8901504.124365736
8889709.82519389
8899276.356672093
8894034.906879477
8895108.58186698
8890221.75316584
8890018.305004254
8903229.381822722
8897280.099929236
8895747.302079674
8895346.424981276
8896724.337100808
8901421.303071624
8888673.209982252
8903322.545488616
8889139.709821511
8894957.494974947
8892974.729932865
8898933.608951293
8897000.220965575
8897957.236627027
8888282.081351772
8895094.896408286
8903343.369867444
8889923.033457756
8900035.845093071
8893191.151868608
8893384.017314196
8890564.455325888
8900232.241796741
8895127.047856754
8897257.358150782
8895165.747044299
8894775.948926242
8896573.379021818
8888761.36235022
8891903.65808877
8891169.819565374
8899422.76125638
8897366.038517153
8883234.526377445
8899636.542961445
8891015.68914571
8898608.008303065
8893804.958040794
8894856.406985598
8895096.081055215
8893428.905705333
8898751.515159234
8898327.98087764
