21196145.07604832
21236934.337696657
21278588.843982503
21172433.90355285
21149335.211169157
21273932.684998095
21244397.989299905
21296201.31916065
21220145.6514894
21216855.51285046
21187601.670094736
21263415.559119917
21204785.515283123
21218373.48775582
21169413.126104712
21173584.229224343
21257985.095309194
21231253.28242412
21183357.636851963
21240881.073101792
21236400.092711568
21263643.24399178
21294227.42144601
21240432.359822094
21200524.447594434
21213774.571950406
21238964.379278723
21260446.90501499
21244471.673829686
21174671.78463535
21223894.54262995
21279101.467377126
21249751.86641517
21264721.645088367
21208215.859605312
21222844.47322874
21221099.943802148
21231800.15879349
21215505.83089965
21265491.92495694
21230846.657797795
21264724.908652857
21241868.69873053
21268575.243290726
21235520.949419066
21168145.84784849
21239857.72825671
21219135.142592926
21245822.748576578
21235314.672203854
