22684808.150923736
22728363.698725224
22675563.190801717
22786526.91274613
22679168.353766717
22691662.020264257
22738321.64915709
22742946.676684685
22762648.973946698
22760802.484252814
22765243.910226487
22624981.694655716
22699956.715407792
22653226.784738634
22772875.91627449
22788329.118942432
22760141.213808388
22717099.0197251
22788817.344176855
22741945.648946155
22676673.45777543
22700032.359590463
22655232.79572188
22721544.803643573
22685136.411497697
22723890.209311724
22739344.559788223
22818175.038936395
22754958.85453573
22707322.180862475
22784311.354922287
22678778.06732227
22695465.701588437
22810393.158311136
22730906.72470042
22778796.66729081
22702613.61576012
22735323.077688724
22701391.624227606
22640482.277720638
22700939.254134726
22725277.971868534
22737051.71733324
22679762.81153033
22667193.600627217
22665895.2420083
22664512.228944182
22670895.86171238
22809522.890125304
22743257.755430236
