32766485.294832774
32764759.659087185
32752483.543632276
32758386.42605256
32764464.56807422
32759329.08659635
32756159.8200897
32758694.93642517
32756491.561978824
32756772.069110155
32764825.43515783
32765372.404669058
32757246.2607639
32763645.005244985
32752218.245052498
32765127.823112864
32775431.492229126
32760580.286590908
32770576.717103943
32763072.579198394
32779006.900273215
32756648.902342595
32763412.993558694
32764250.537648413
32759946.763564628
32763257.19530521
32768055.99735048
32779876.627625145
32759355.264164202
32774925.72321349
32742375.488523357
32750942.051286273
32758773.117514744
32754998.95443332
32775277.265254643
32755153.97533179
32769343.985077787
32735985.96994701
32769312.643184613
32769531.391673964
32767272.094339702
32754308.465943124
32739044.695447914
32750869.2563229
32775205.13904182
32752262.27412641
32745314.931328446
32749680.851844292
32755325.123376094
32775780.122054584
