9248803.203496577
9288202.766151827
9258223.194831055
9242732.256841455
9295870.060931027
9262539.199881883
9243619.54283612
9269783.334453305
9226278.1301423
9302955.710205175
9289545.426300077
9251069.632087335
9290767.829442529
9267657.879659127
9257375.885688936
9278950.296821615
9252376.726215897
9250813.541612461
9275340.350616489
9217352.534754695
9262244.563711701
9287114.305447996
9248587.009366555
9181515.262921311
9268047.545919934
9241253.988406483
9298715.912511593
9247383.618305665
9272151.355374824
9232006.47949861
9226391.392467106
9266058.860943584
9266814.308147272
9257813.588866498
9235946.625630097
9264990.19137648
9216826.514327666
9267063.75064172
9253251.073127817
9213191.297094006
9241152.062659608
9226015.466513831
9237459.230979297
9231555.079548119
9257044.938475395
9226388.657292329
9220969.088958096
9234716.794785604
9260586.169760058
9201708.679036113
