18722928.47667146
18720560.238724582
18728044.984810915
18718667.44888996
18731893.647573117
18720147.587738343
18723870.178610176
18718289.557558443
18720231.002259597
18723720.26540416
18719113.639003493
18723235.184020545
18713796.94354835
18719292.1283004
18723154.881182052
18722735.444253724
18722135.687216908
18717394.93962493
18720954.90347512
18715075.26054989
18717926.550950438
18719722.339311663
18723452.935724176
18725088.141134117
18726516.686190616
18719910.091238398
18716452.51771882
18723917.87788882
18728259.826200392
18725825.127017647
18726218.7960427
18715174.271277443
18725599.284824904
18715573.51984107
18716782.91403886
18727213.89229337
18723456.203337755
18728139.416382987
18715771.352637358
18722013.74523138
18718671.25494891
18719765.201814625
18731488.808449842
18723394.223348033
18719735.255334195
18717754.948762126
18715429.165688876
18718551.15970284
18720557.141159356
18722591.658395793
