20481874.22914794
20436558.88909888
20421739.58546164
20383485.375753667
20369455.717076186
20479125.0440902
20492978.719820064
20509083.832869545
20463749.395725764
20410153.514355116
20438583.177430872
20464176.485390626
20485213.60234505
20344405.966882944
20407443.79641539
20450631.635849755
20356124.359868012
20431588.32372845
20373810.294782955
20428450.339633003
20399706.23195227
20474369.52176017
20468427.285255164
20381009.55173794
20427400.207626946
20350178.12821732
20552777.591196667
20477600.246308073
20481459.935651116
20430014.19733574
20513596.02402742
20429457.504901398
20439565.91883841
20476321.79766067
20368686.261098176
20494305.890352745
20480425.107084256
20501792.182439674
20437853.167017177
20439848.28581759
20509939.05364402
20348585.416122522
20440506.987761628
20413843.68771953
20353236.121759772
20398403.91003338
20414972.644103654
20465793.54838937
20481694.5649601
20471274.824644003
