20009826.77884747
20017694.511234846
20016342.86701191
20009552.90080527
20023147.574645527
20018580.707263842
20025654.02505162
20010345.400235947
20011363.79401748
19998876.196646467
20002069.735734787
20006099.30587278
20023325.718700502
19997093.533679064
20015848.04403345
20002968.733899854
20013250.56263997
20014355.408952992
20019766.66741754
20008173.30204156
20009063.40635568
20017645.45743913
20010059.25051673
20011991.29076131
20018969.430191133
20021911.82606204
20010798.06190677
20009445.501325358
20017699.48882815
20018003.42706711
20017063.773335148
20012443.730408043
20003566.951603103
20004273.87126013
20015276.57048903
20007302.659377806
20010494.71668534
20008906.200335775
20019355.165705677
19999365.889544
20019061.844297864
20001844.140004203
20010605.33401354
20007274.56961283
20009790.951721247
20027175.74455018
20015646.177119717
20019196.500316024
20018271.479964085
20019577.37889586
