22466741.016784575
22461553.61715432
22470105.23085672
22462612.465571523
22468879.244003985
22460120.284464084
22479246.521480467
22455832.80761818
22466201.971516594
22469033.384904716
22459219.506982278
22467988.084641907
22463308.20451843
22471549.894349962
22453259.729242094
22472740.133328915
22452041.167937905
22468389.635442592
22463192.549798932
22468570.27457525
22467113.228987005
22466714.250146456
22469128.23113454
22462036.139569048
22466222.344810054
22464323.90351838
22466942.50331724
22464985.63960705
22456273.124338645
22462397.480693333
22459762.09853063
22463246.844380014
22460894.422029592
22462187.179660358
22468522.220742576
22452775.447128218
22450502.809033256
22459972.736761652
22461136.418567393
22457858.694075815
22470072.2223232
22460760.43037927
22464443.681929566
22474667.20280849
22459711.123229593
22471046.079348397
22459269.552587144
22470324.47226713
22470543.106939588
22458655.40272595
