15875814.441094227
15867614.529069284
15815311.112747038
15879841.802488072
15863531.210572455
15851011.398678914
15919904.8865773
15908799.634985203
15893614.65993618
15910070.140303858
15820814.766857263
15906563.753268616
15890285.348608233
15901836.210812423
15837956.486863993
15885820.299095301
15913808.927133905
15943988.250383621
15816259.74342157
15918915.053476034
15860269.41340592
15918096.073244022
15887009.356568635
15908947.24560734
15898392.152206164
15885657.810961282
15881931.113348199
15833364.454793816
15905241.149706263
15891608.109629983
15799675.130175475
15922866.546028053
15987187.184615491
15843495.730203293
15863493.989117077
15858684.10061003
15845756.430723649
15897079.946484866
15897064.507970514
15868425.447138846
15873230.010588843
15872482.756185593
15902135.604662284
15916911.22913914
15858595.493499367
15836826.308922356
15871886.419440605
15877348.857377032
15885806.930676468
15870669.387635475
