17799954.362353552
17796464.000212867
17792311.94517807
17783357.925697904
17785178.28831044
17778060.696384892
17775929.855726156
17780081.4405996
17789007.334456157
17782035.473454576
17784437.127110593
17786727.54042661
17785310.115889292
17786862.154430144
17787665.97828851
17791247.83871717
17795987.93378007
17785623.817918126
17792112.112163253
17782329.838064786
17794585.097567435
17775024.115064796
17796758.25313572
17792258.74939347
17781143.860126622
17796306.171936832
17794973.27379687
17783611.884033985
17786911.169896685
17783532.527185585
17787945.95714991
17783386.059629522
17784729.778361313
17797914.25735842
17788459.760021582
17782288.38329238
17784889.308445375
17784849.7449297
17784885.704232477
17790906.397936683
17796016.76626504
17784711.674420748
17791912.5957123
17774819.535895173
17793284.000562724
17785754.798207078
17796983.246835776
17783623.33826039
17790329.743908513
17780562.22353561
