11126215.624273894
11122267.60614173
11116633.320192918
11119164.002726858
11114667.308076
11119467.375336014
11118434.858055994
11118562.112481955
11125873.346062195
11113793.101583574
11113031.588267507
11105782.066702843
11113049.762544077
11125907.533327086
11112041.969427677
11123532.657092242
11116811.431425165
11113270.577769984
11116726.533115359
11113838.221862203
11120973.574043531
11122405.664361827
11117212.947687222
11114743.838315774
11126296.415163664
11117316.221285915
11117095.760537308
11125152.115271188
11105164.308951765
11111445.530165108
11115226.557614375
11117549.51855161
11115544.122401804
11115028.645242061
11110241.620020283
11115269.494222902
11110103.030848289
11116157.02026783
11118358.626174062
11117526.634913564
11113980.299543155
11110861.55794744
11110650.72627466
11118799.21759069
11117144.403594095
11119519.436720548
11112867.02174789
11116557.65940252
11117011.115296593
11111776.578650929
