40962594.86634846
40958225.2162088
40940586.32151551
40943721.30135248
40944479.22108329
40931902.203460634
40945884.65545743
40940843.55460528
40938481.21525078
40944457.87441065
40929740.43633518
40957326.39537729
40940452.38288549
40944035.76841133
40957280.40314166
40936906.685567595
40949976.84738596
40958724.90498206
40956050.21845713
40944061.75806057
40939051.93536297
40934515.43927642
40954039.531314224
40944277.93932861
40959731.38564955
40960299.557334326
40965334.361240804
40931023.44081742
40931372.026212886
40932871.92592569
40956644.91786848
40958277.69369039
40942518.23363051
40953997.88503137
40968562.501439266
40945172.181813054
40938028.05230986
40955734.649380356
40943407.87386545
40949678.91253079
40951485.78700982
40951734.01587008
40960784.94723105
40946750.67503279
40948823.88711619
40928569.43766539
40952415.4404843
40949328.71704126
40948443.597003855
40952728.30499909
