15557433.321462758
15571853.565320648
15557444.525502648
15564442.520399503
15560792.691036405
15568246.71128195
15569079.26288668
15557857.430872608
15562144.217336878
15557351.177670559
15566593.254443062
15564339.759188652
15571740.759115776
15564278.555507943
15552098.483866932
15555298.677891487
15569808.27656626
15564262.857542858
15557298.349014973
15563108.900027102
15563603.275499756
15574866.403248621
15557439.427130552
15563412.930439582
15562636.649619937
15574970.120193122
15564047.38872629
15562419.196910929
15548431.175925275
15559124.22491583
15567575.690377835
15560127.811957221
15551921.569009593
15568966.038251556
15572097.899765693
15567915.325804757
15578508.87560349
15566397.951891534
15559649.58398657
15565236.846353084
15571603.626463711
15564321.341195412
15571148.789989214
15564212.75973205
15567614.04470199
15562292.146058636
15570568.285292694
15567171.290461995
15574937.676279448
15568876.984650515
