8745055.798897257
8730113.195180655
8752169.311939873
8749700.687566692
8818041.632433688
8789126.60670601
8753558.564497072
8803347.71858912
8786341.850655792
8707967.627895381
8765415.597882261
8781212.2100731
8756728.98292953
8784809.43138958
8813540.478959149
8807724.828050587
8714661.314036638
8769449.108260686
8787807.813038936
8784452.605093868
8763376.427738896
8727832.989499733
8792726.517300762
8810999.494149256
8763720.601659995
8787204.278399853
8764548.112746444
8743482.625700096
8813191.339989701
8819283.874841664
8721387.157858321
8737252.02214047
8793059.829422416
8711456.984937292
8826447.501492774
8765229.430115996
8750078.877405902
8743024.300257258
8782460.487451829
8804332.517557157
8778164.687831746
8778805.188977346
8705184.460700927
8752010.731899561
8756330.6160386
8752330.152104672
8800365.898071796
8726285.333089026
8734648.119921431
8735945.62792585
