7489079.655157878
7495909.5191897815
7491695.834340254
7482721.785785043
7489316.73952906
7489617.543632412
7489470.664203689
7490478.776881961
7491150.480865265
7492357.286231237
7488249.481381149
7484044.158946337
7489235.278795757
7485923.165937274
7485229.223903395
7483619.581891656
7485333.265131333
7491457.8523182245
7496063.069476841
7496154.716812341
7488454.029606026
7483994.877118966
7486416.645728575
7486252.263704001
7491832.013892449
7487211.2317022225
7487755.697350686
7490596.642644359
7486542.610110633
7487554.191866718
7486351.181517835
7485628.91365593
7488363.145481522
7492093.55121531
7488197.006432494
7484401.796592753
7491646.84506171
7495815.617544558
7487663.144261433
7489444.953469142
7490472.570053331
7483013.227592542
7493205.027539507
7489068.644824413
7486246.720358946
7494775.928961657
7491044.177183093
7488396.561857774
7485437.03209742
7490060.150706169
