27210427.820868548
27245144.55644675
27246811.922954526
27200679.992166523
27349911.34193027
27322604.96230011
27143382.65849794
27319115.39558094
27300731.228753053
27256192.30951801
27291568.18158122
27359928.702806566
27329862.859671444
27369164.48401922
27335599.560134888
27226253.393742226
27336478.140169475
27289327.901996456
27210913.44326193
27284780.99416579
27201865.70761379
27186082.46427841
27297575.30426973
27283857.53178187
27336133.75143266
27346475.358994663
27308015.451672263
27319346.286120523
27223176.767007083
27299777.553725213
27261949.380832784
27306240.25593738
27260875.275813103
27363661.22754637
27305588.52901124
27188645.807518225
27222980.025220085
27321945.215769783
27341623.548201025
27399817.38494304
27317498.608658828
27313821.014385108
27196792.935627885
27295302.316955492
27315164.536952488
27321693.704025924
27405929.546437625
27231322.113558713
27277067.707637552
27271207.817311917
