45733567.93806529
45728052.63785607
45733113.83763756
45844920.949589446
45862875.96972248
45706622.439774856
45807258.82854329
45811661.82847202
45793853.58461978
45810660.2605376
45704862.90418088
45785366.67970564
45899561.29571026
45773410.91229374
45848444.54273337
45726152.54309982
45860901.64526224
45731492.429052845
45717613.11443295
45806881.16621279
45840848.73152475
45798219.62722516
45801307.48622561
45830384.992741585
45870299.29264176
45832825.07681276
45654693.423768885
45845156.808532566
45672762.2219754
45841290.11175698
45618994.03147412
45713822.9869152
45778017.847731166
45869152.02225498
45780745.13196958
45805269.22941544
45727367.65884757
45764861.75510343
45707195.18250133
45864203.52004771
45605678.36004336
45852391.003198616
45737846.72323953
45735619.73374705
45745850.029787675
45625270.41564846
45851876.91094056
45838896.69433605
45860503.83665556
45819689.09307633
