36811605.97151258
36817080.27829655
36753523.36085449
36961103.332973875
36769310.31315056
36796859.33531925
36792026.77101266
36793537.81117
36838395.92303611
36630689.57228862
36827862.24346154
36847229.35328375
36857683.208747536
36888159.65697935
36708404.434314474
36914202.66833788
36755137.2434778
36875642.77492546
36883916.15857005
36795266.34589721
36879609.60116926
36845593.60770819
36856138.20968153
36859633.05254438
36808816.81283465
36709568.78267483
36863502.41477051
36785423.82531869
36825974.928192884
36795135.749572776
36709968.22776114
36873885.565169215
36773126.96637208
36819299.74723938
36999097.71322774
36778119.12983494
36759440.02600093
36876962.45523292
36836932.393283084
36951796.72996676
37018859.878539994
36847200.36326063
36834165.50730013
36974173.303078815
36776301.58351804
36888344.24690063
36692981.895100765
36890858.886022605
36842971.26946253
36776799.94440084
